x <- c(1, 2, 3, 4, 5) ; x[x>3]
#Siehe r1and2 Folie 17
